[?2004l
0 	 0 			 [0]
1 	 0 			 [0]
2 	 1 			 [1, 0]
3 	 1 			 [1, 0]
4 	 1 			 [1, 0, 2]
5 	 1 			 [1, 0, 2]
6 	 3 			 [3, 0, 2, 1]
7 	 3 			 [3, 0, 2, 1]
8 	 3 			 [3, 0, 2, 1, 4]
9 	 3 			 [3, 0, 2, 1, 4]
10 	 3 			 [3, 0, 2, 1, 4]
11 	 1 			 [1, 0, 2, 4]
12 	 1 			 [1, 0, 2, 4]
13 	 0 			 [0, 2, 4]
14 	 4 			 [4, 2]
15 	 4 			 [4, 2]
16 	 2 			 [2]
17 	 2 			 [2]
18 	 2 			 [2]
19 	 2 			 [2]
Total time spent waiting for processes is given by [11, 5, 12, 0, 6]
Total turnaround time for processes is given by [14, 11, 16, 5, 8]



_________________________________________________________________________________________________________________________________________________________________
| p1		| p2				| p4					| p2		| p1	| p5		| p3				|
-----------------------------------------------------------------------------------------------------------------------------------------------------------------
0	1	2	3	4	5	6	7	8	9	10	11	12	13	14	15	16	17	18	19	20	[?2004h