[?2004l
0 	 0 			 [0]
1 	 0 			 [0]
2 	 0 			 [0, 1]
3 	 1 			 [1]
4 	 1 			 [1, 2]
5 	 1 			 [1, 2]
6 	 1 			 [1, 2, 3]
7 	 1 			 [1, 2, 3]
8 	 1 			 [1, 2, 3, 4]
9 	 3 			 [3, 2, 4]
10 	 3 			 [3, 2, 4]
11 	 3 			 [3, 2, 4]
12 	 3 			 [3, 2, 4]
13 	 3 			 [3, 2, 4]
14 	 4 			 [4, 2]
15 	 4 			 [4, 2]
16 	 2 			 [2]
17 	 2 			 [2]
18 	 2 			 [2]
19 	 2 			 [2]
Total time spent waiting for processes is given by [0, 1, 12, 3, 6]
Total turnaround time for processes is given by [3, 7, 16, 8, 8]



_________________________________________________________________________________________________________________________________________________________________
| 0			| 1						| 3					| 4		| 2				|
-----------------------------------------------------------------------------------------------------------------------------------------------------------------
0	1	2	3	4	5	6	7	8	9	10	11	12	13	14	15	16	17	18	19	20	[?2004h