[?2004l
0 	 0 			 [0]
1 	 0 			 [0]
2 	 1 			 [1]
3 	 1 			 [1]
4 	 1 			 [1, 2]
5 	 2 			 [2]
6 	 2 			 [2, 3]
7 	 2 			 [2, 3, 4]
8 	 2 			 [2, 3, 4]
9 	 3 			 [3, 4]
10 	 3 			 [3, 4]
11 	 3 			 [3, 4]
12 	 3 			 [3, 4]
13 	 3 			 [3, 4]
14 	 4 			 [4]
15 	 4 			 [4]
16 	 4 			 [4]
17 	 4 			 [4]
18 	 4 			 [4]
19 	 4 			 [4]
Total time spent waiting for processes is given by [0, 0, 1, 3, 7]
Average waiting Time 2.2
Total turnaround time for processes is given by [2, 3, 5, 8, 13]
Average turnaround Time 6.2



_________________________________________________________________________________________________________________________________________________________________
| 0		| 1			| 2				| 3					| 4						|
-----------------------------------------------------------------------------------------------------------------------------------------------------------------
0	1	2	3	4	5	6	7	8	9	10	11	12	13	14	15	16	17	18	19	20	[?2004h